$ANSIBLE_VAULT;1.1;AES256
32613034353938343932356236366335623966616431623030376332626165306162346331323462
3338323434356636356533313433343931656665393439370a323062623634643362323137623364
37613962363163346365366437356362616662336534303235643865383433366566323434646164
3830393430626664650a373164303062363236363831346235633138653237366437653764383561
38643735343937633537626536653936356664366639383666343531663565396363336461346134
63633630333631363231306232346566646132326564663162396266396465333132646265303635
61376561343930353435336362303835376661366161373039623132373838383330313138323461
39346264366133633931643030316262356533626261366433613262356664306239663030616562
33333633333031623834383435393462376132326539373163666262313062383731656562363064
61303939313465646437303630346130376133663833393963613964626261353566396534346261
34656432663430373031653336373930333331353234353831623733346436386538316264383637
34376666353731616233396532353166373561636234653335346633626163393266343036666634
35323263623032333138353566383762303634376230643033643131653037626563373337393062
37323634626665346538306335313531626234636437356433343462353265383535626661303864
34633063323161383639393636376632346666376338393139623264646333373061653537366236
31613534653264346266316136656534376430643266613930386463313338373266656663316335
33303965306132656161653861616239393438346365336230383163343461303061663137663037
36653562623834363662323532653634313430306239323239363530376533643131346664313535
34303831643066623865636466303064303535326164666237356232393232613161333330356261
63623064626263636466366230613631376563306134326535663062363231303462363034616239
30313733636332306436663037323138663831326665323463353330336239643337383666643535
64613864333736376662653264316338626664373564323630313636616431333966323638383162
33316639373462373532623531353064636666313232363830303836366632666261356263623562
34303666633337366266623236626462613839616139653235623534313263393930313365653661
65356231373062303664623663316637626161386137613531386431366335383939353364396536
31373234376235646166333635643165653233643130643239616437383164663936653963643734
38396232313339393034316139323433346630323335376530666334383962653135626464346264
35653433323264336130393433316632366234383836386435336337353865306366636264373831
35366336663437303361633862346534636433393965353565333437356534643837376533373763
35333565616262316437633966373233376534356666643662626162623566653837653932326539
38613932343565313661323031653232386266663637666163363734333266613365353938623433
33353233613932366337
