$ANSIBLE_VAULT;1.1;AES256
33333035353932623033353935663865646632613161313964343731616633303664323135373233
6365633838653463636637336661656434626134303132630a303663316463366263646661343233
64313930633439613339323830303534333232663163323633636666346161383833323539353438
3436386337373839610a353134616636616666303363313434633630326666623934626262663931
37636438336534393536336237376633656334353666376365346635626632663463333662636439
32663964386437616231326264653662623963373266643262396330316239663565646533666131
65613761393839643066343334303131316564333466666132616164316461613439333137613663
34646165353732343166643339653334613566663562336231326363383861396337333038343363
34313032636333346636623132386531303563303330643365666231386331623139343132336636
32373561313334373533373062646532353732636139383339613735333363616131333733363038
37623766316561633630383539633630343263333238393062343862356337373065636235393333
64396438616330613864633233383637643332313639303133383961303930663533663165313263
30366333376631366461666662663837663632646464363833616264616338663636653662616539
34306530343233303862313134356565613831633166636135653832303732323266653334333730
32653761653062616535363830376664626365626262326363376465333235613662353364346234
31323834353537633264346135616165373936346536366664303131623566653762343364343037
31336632343864333537386436316362343434343334343161626263386637633766343833363430
66646637623863643837333263623031393365373530386334653331663566323563396365343033
65306434366631386463356265623730363131363939643664653237336366653738663438353536
30396664343130623864633338383866383663366534313533343938336162343833633533663437
38376230666266326362366537323734326434363561373039333432636239356436656365363330
35363761646334353466336237623866643337346533643033646130616134353539383063306262
63653064336636306334366466303237373363633932313765343965366637626665323237623563
38636663636637343534353437363431343033323930653438383535346530333061313230663463
30623762316237343836313861303339643430303165623639356664366538313461633166383136
32386466343361376363656362313564313632376535643265393361376365376230343663633963
35363730633635623337326363343165396530393532306638666330383733663236336366616432
36366636623563303363396362313466356538346461663638363838326265666662653734653330
37613532326438313134383830363238623536383138653538623832646664363332313634633539
38336462626430363862663263323363643737636434656561343034393063663462633433616163
39643430653837383966356431353461313834633364396237313531653335633162343536633463
31306166363033653437616665383432353162383039396163626132393339636430623933363065
6230
