$ANSIBLE_VAULT;1.1;AES256
39616231616231383363313934326138653239333966623564333837623565646261653835363330
6265326136303239666361366431343966373339373034350a636438366433333632366365353333
37353364656561616163376139633639383032613837666430653838373839393331313131373230
6162636165613866330a353437373762366365356165386134336436613532636364343738323637
65326637313236623363643730373334666439303939346431313465373237373239316365353564
38646266316136333039313734653936623338386336303631616531323563623137656634363563
33393439343934393931363634333636396135613861303639396337613062613635333531663662
65643438353531383862646630323732353536323266323237313937386434613634386632343861
65376364363839386163383534666532353361646237666166373431306232643961363138633539
30616539666338373831623138313839656432643134376232363934666335363161623832353133
65356131653632616131363436633837653531343437376535353061666631346339316630643762
37343734653536386362636466663263653466346431613435343930616262663534353138643264
39633431356637623338663834643033386532616236323434353630363261643532353439346465
66626566663132346139303239653166623531323964373863653862376664646134633338626538
37333130656534636134363038636533373232343161336337616162343039373133623536666130
61373732336630653337646435636165363935343138353662306635393761663632353962653761
38343864396133623461303562396538336361386333666235343431653937333766346436633839
62303465366634636662326130343832376436643230623533333265646137323064316539303662
33376138656537616365656464306637366135303034393864313431653761663061343133613834
63313866363336313531653338633865366263376233393762636530313334333234633832623438
36643032353733623833366637373833363237393435396638306633613161383230303439636664
35626139313538396530306139646538376134343237376437666235666666356535363335383732
62646330393035316565313532343039343339366663353536656362333765323938356437613965
65663630303735343230666165323761326636396164383964626634353931386261303132353338
39613836633231303166613032626534353135643166373938396333346662366430396230343261
3636313537613363626163653434616330623862386565626334
