$ANSIBLE_VAULT;1.1;AES256
34346538633461653938663435343066653833326530653966393334396231353832303436313362
3033316163326566663763613635323964656233383539610a313638393061663230313866383432
64373830633036623039393365643861316435623035383437376234343939313632393331653337
6362633136633330370a646333393563623065306337613730613166643464346265353066323561
35303931343239336534616165623331353034613866303062313038353332646265386234646161
35613264383439356636613935303765346333386636383330356537636363333964313862373336
37663036343332383564383733336664646230356364656635633438633163333133396637343830
39333034643630643435376633376665353437313731373731366266343536636365393364396366
62336362333535306261343734663465336462636263386236633133363764383864313866373031
37653337326134663032626531343233386232656364336566626132633061393231303966663539
39303430656432643162383833373439353232383839363264663438623562363131336562663763
63313065376663646363346532623366663138326332366135623935353631356438346138626231
63366131653762353039346631373738646533363234666666346664663162313161636330396165
62646561303531303939663432646632373735316636346263333139363736323833316239346462
39643765663166616663386165643564656462393333343339646230393366643534323966613935
33363666643931323934336431316361353861386465656462623763653332653433393230333738
31656466363530303239353761666230303463313766303664346538346463356137643037343133
37313464336263636336353739616564303361626464336439383332613363333262626461373864
30393862646462303830626338633263303663366333323163616239376666373164336632323337
63663033326366656564663064326637346232626131653033346537343430646561643364343535
33366363336234363361383033323865316461393430363330353536346632663963323063646562
36336666363863353965666562386666646134616637363761366436356233326636643061646438
32383662383435376661623262623162633463336534303536313564386531313839383733323439
35393762643361313435393432633363373162626564346162666665333962303262326634323136
31653139626662346236326235643866643563666238366166666235613538613265326533646133
37313938396635656336383363383539303161316538666238393363346664313739396536313264
36356163636266313037666539646431373338393131646266396164366132313239653061363136
64393064666266616637
