$ANSIBLE_VAULT;1.1;AES256
30373339313338306138343963643436623561633732343736376166616237363637623933346665
3565393531636565366536633532343634626562663930300a623839306161396538306563613462
61366563353039316662646661376364663739333231373664356166326162396565383338356266
3835346564356532610a323931336434616131656464343033356563616262346434396238353336
35326262303535343031353064343965373635313538643636376163386137323530626435623230
33373737313833383637313566336334373838373665333737663666326266343666346135643465
63653438643238343962376361323030646662363236373337396338316533326337303137316534
33393339393837373332336565643831303465393334346535336336616635323136376464326639
38323265663766326538393838393933323334336161616166323130613861373439333237316631
36643433663934346430613932376564653434396666393063343134633335323462356434333636
61626531343265616361656533386230386463613438393864343535343865333436373135373236
37666339646434363563316638326162663434303934393530323563333531323764663032383537
37313266663364396564663230633263313165336435656637376561303664363936653830353030
61363331663738306661396233373465656230336335333934386463333636333763633261393466
64383831323937613038633065303430653265303037656565306162373638306536326362613438
39376530666538313832633063646661343039666138313064356533623433646635623533393463
34316665386133396566346239353239326436616136333165653334393531356133333865323463
30643663633261646463666537356637616163353464376661313162333161623963643063613438
64376532353863616631333764623166313761376133613061386235333161316337313930616263
61633234356665643366613666326561306265623133643531643766346637303037626361663636
32666130333734383131303739373538633434393830386164386636393538646237373362343132
64626630626439303461326134313662376565386237353735313765363963333662623135396133
65336362343634353866316664653339303535313762376235626539346637666536656239326638
30656632323966393030346665653462656336393765623833666363373962303665396465343965
62383636393337666438626635393165666637356163313732646362366232616131356534643765
66623462666538303239393664383631666336666664633438306161343164386534383963323131
36653239316234656635626265356562323866653264663233366561306163366134393564373065
62623438383765393266353763633535666439613335636631393230376165613839653138643863
37336235396262646362383065646366653731373530653637333065383461333338
